1 0.6899038461538461 5.313671808800415e-17 0.1778846153846154 2.1784582484832726e-17 0.17788461538461542 0.4086538461538462 0.6899038461538461 0.4086538461538463
1 1 0.22596153846153857 0.6899038461538461 0.22596153846153852 0.6899038461538461 0.4086538461538463 1 0.4086538461538463
0 0.10096153846153852 0.40865384615384615 5.004566246515626e-17 0.40865384615384615 5.858286370921233e-17 0.5480769230769231 0.10096153846153853 0.5480769230769231
0 0.22596153846153852 0.40865384615384615 0.060096153846153896 0.40865384615384615 0.0600961538461539 0.5528846153846154 0.22596153846153852 0.5528846153846154
0 0.39903846153846156 0.40865384615384615 0.264423076923077 0.40865384615384615 0.264423076923077 0.5456730769230769 0.39903846153846156 0.5456730769230769
0 0.47836538461538464 0.40865384615384615 0.3485576923076923 0.40865384615384615 0.3485576923076923 0.5360576923076923 0.47836538461538464 0.5360576923076923
0 0.5408653846153846 0.40865384615384615 0.4326923076923077 0.40865384615384615 0.4326923076923077 0.5552884615384616 0.5408653846153846 0.5552884615384616
0 0.6225961538461539 0.4086538461538462 0.4879807692307692 0.40865384615384615 0.4879807692307692 0.5312500000000001 0.6225961538461539 0.5312500000000001
0 0.6899038461538461 0.4086538461538463 0.5889423076923077 0.4086538461538463 0.5889423076923077 0.5552884615384617 0.6899038461538461 0.5552884615384617
1 0.31250000000000006 0.40865384615384615 0.16826923076923084 0.40865384615384615 0.16826923076923084 0.6274038461538461 0.3125000000000001 0.6274038461538461
0 0.8725961538461539 0.4086538461538463 0.6899038461538461 0.4086538461538463 0.6899038461538461 0.7283653846153846 0.8725961538461539 0.7283653846153846