1 0.423828125 0.15625000000000006 0.361328125 0.15625000000000006 0.361328125 0.17968750000000006 0.423828125 0.17968750000000006
1 0.318359375 0.15039062500000003 0.224609375 0.150390625 0.224609375 0.18164062500000003 0.318359375 0.18164062500000006
1 0.18359375 0.146484375 0.162109375 0.146484375 0.162109375 0.162109375 0.18359375 0.162109375
1 0.6953125 0.16796875000000008 0.642578125 0.16796875000000006 0.642578125 0.19140625000000008 0.6953125 0.1914062500000001
1 0.75390625 0.1777343750000001 0.708984375 0.1777343750000001 0.708984375 0.1972656250000001 0.75390625 0.1972656250000001
1 0.7734375 0.23632812500000008 0.583984375 0.23632812500000006 0.583984375 0.3203125000000001 0.7734375 0.3203125000000001
1 0.896484375 0.2460937500000001 0.796875 0.2460937500000001 0.796875 0.3144531250000001 0.896484375 0.3144531250000001
1 0.998046875 0.2597656250000001 0.974609375 0.2597656250000001 0.974609375 0.2890625000000001 0.998046875 0.2890625000000001
1 1 0.2871093750000001 0.892578125 0.2871093750000001 0.892578125 0.3769531250000001 1 0.3769531250000001
1 0.650390625 0.14062500000000006 0.505859375 0.14062500000000006 0.505859375 0.22070312500000006 0.650390625 0.22070312500000006
2 0.298828125 0.18750000000000006 0.2734375 0.18750000000000006 0.2734375 0.24414062500000006 0.298828125 0.24414062500000006