1 0.25 0.14453125000000003 0.16796875 0.14453125 0.16796875 0.17968750000000003 0.25 0.17968750000000006
2 0.16796875000000003 0.1875 0.1484375 0.1875 0.14843750000000003 0.2421875 0.16796875000000006 0.2421875
1 0.271484375 0.14453125000000006 0.25 0.14453125000000006 0.25 0.16601562500000006 0.271484375 0.16601562500000006
1 0.18359375 0.146484375 0.162109375 0.146484375 0.162109375 0.162109375 0.18359375 0.162109375
1 0.36328125 0.15429687500000006 0.2890625 0.15429687500000006 0.2890625 0.17773437500000006 0.36328125 0.17773437500000006
1 0.765625 0.19140625000000008 0.677734375 0.19140625000000006 0.677734375 0.23437500000000008 0.765625 0.2343750000000001
1 0.77734375 0.23632812500000008 0.583984375 0.23632812500000006 0.583984375 0.3203125000000001 0.77734375 0.3203125000000001
1 0.896484375 0.2460937500000001 0.794921875 0.2460937500000001 0.794921875 0.3125000000000001 0.896484375 0.3125000000000001
1 1 0.2890625000000001 0.892578125 0.2890625000000001 0.892578125 0.3769531250000001 1 0.3769531250000001
1 0.998046875 0.2382812500000001 0.935546875 0.2382812500000001 0.935546875 0.2773437500000001 0.998046875 0.2773437500000001
1 0.69140625 0.16992187500000008 0.63671875 0.16992187500000006 0.63671875 0.19140625000000008 0.69140625 0.1914062500000001
1 0.751953125 0.1796875000000001 0.7109375 0.1796875000000001 0.7109375 0.1972656250000001 0.751953125 0.1972656250000001