1 0.67578125 0.25585937500000006 0.28515625 0.255859375 0.28515625 0.44140625000000006 0.67578125 0.4414062500000001
1 0.419921875 0.17578125000000006 0.3515625 0.17578125000000006 0.3515625 0.23046875000000006 0.419921875 0.23046875000000006
1 0.5 0.18750000000000006 0.44140625 0.18750000000000006 0.44140625 0.23046875000000006 0.5 0.23046875000000006
2 0.8203125 0.3046875000000001 0.7734375 0.3046875000000001 0.7734375 0.4082031250000001 0.8203125 0.4082031250000001
2 0.74609375 0.2167968750000001 0.73046875 0.2167968750000001 0.73046875 0.2597656250000001 0.74609375 0.2597656250000001
2 0.5703125 0.24609375000000006 0.548828125 0.24609375000000006 0.548828125 0.3183593750000001 0.5703125 0.3183593750000001
1 0.896484375 0.2578125000000001 0.640625 0.2578125000000001 0.640625 0.4023437500000001 0.896484375 0.4023437500000001
2 0.583984375 0.23828125000000006 0.564453125 0.23828125000000006 0.564453125 0.3105468750000001 0.583984375 0.3105468750000001
1 0.751953125 0.22070312500000008 0.58984375 0.22070312500000006 0.58984375 0.3007812500000001 0.751953125 0.3007812500000001
1 0.669921875 0.21679687500000006 0.5703125 0.21679687500000006 0.5703125 0.2695312500000001 0.669921875 0.2695312500000001
1 1 0.2871093750000001 0.896484375 0.2871093750000001 0.896484375 0.3691406250000001 1 0.3691406250000001
1 0.8984375 0.2441406250000001 0.796875 0.2441406250000001 0.796875 0.3144531250000001 0.8984375 0.3144531250000001
1 0.181640625 0.146484375 0.162109375 0.146484375 0.162109375 0.162109375 0.181640625 0.162109375
0 0.203125 0.1640625 0.181640625 0.1640625 0.181640625 0.177734375 0.203125 0.177734375
2 0.19921875 0.154296875 0.189453125 0.154296875 0.189453125 0.173828125 0.19921875 0.173828125
1 0.75390625 0.1816406250000001 0.708984375 0.1816406250000001 0.708984375 0.1992187500000001 0.75390625 0.1992187500000001
1 0.2421875 0.13867187500000003 0.224609375 0.138671875 0.224609375 0.15234375000000003 0.2421875 0.15234375000000006
1 0.69140625 0.16992187500000008 0.6328125 0.16992187500000006 0.6328125 0.19140625000000008 0.69140625 0.1914062500000001