1 0.703125 0.29882812500000006 0.404296875 0.298828125 0.40429687500000006 0.677734375 0.703125 0.677734375
1 0.892578125 0.2675781250000001 0.640625 0.2675781250000001 0.640625 0.3984375000000001 0.892578125 0.3984375000000001
1 0.416015625 0.17578125000000006 0.35546875 0.17578125000000006 0.35546875 0.23242187500000006 0.416015625 0.23242187500000006
1 0.5 0.18359375000000006 0.439453125 0.18359375000000006 0.439453125 0.23632812500000006 0.5 0.23632812500000006
1 0.755859375 0.22070312500000008 0.59375 0.22070312500000006 0.59375 0.2988281250000001 0.755859375 0.2988281250000001
1 0.65625 0.21875000000000006 0.568359375 0.21875000000000006 0.568359375 0.2656250000000001 0.65625 0.2656250000000001
1 0.998046875 0.2871093750000001 0.892578125 0.2871093750000001 0.892578125 0.3691406250000001 0.998046875 0.3691406250000001
1 0.896484375 0.2402343750000001 0.796875 0.2402343750000001 0.796875 0.3144531250000001 0.896484375 0.3144531250000001
1 0.751953125 0.1796875000000001 0.708984375 0.1796875000000001 0.708984375 0.2011718750000001 0.751953125 0.2011718750000001
1 0.181640625 0.146484375 0.162109375 0.146484375 0.162109375 0.162109375 0.181640625 0.162109375
2 0.796875 0.3007812500000001 0.759765625 0.3007812500000001 0.759765625 0.3925781250000001 0.796875 0.3925781250000001
1 0.69140625 0.16601562500000008 0.638671875 0.16601562500000006 0.638671875 0.18945312500000008 0.69140625 0.1894531250000001