1 0.625 0.25000000000000006 0.26953125 0.25 0.26953125 0.44921875000000006 0.625 0.4492187500000001
1 0.89453125 0.2656250000000001 0.63671875 0.2656250000000001 0.63671875 0.3984375000000001 0.89453125 0.3984375000000001
1 0.4921875 0.16406250000000006 0.408203125 0.16406250000000006 0.408203125 0.19531250000000006 0.4921875 0.19531250000000006
1 0.4140625 0.17187500000000006 0.35546875 0.17187500000000006 0.35546875 0.23046875000000006 0.4140625 0.23046875000000006
2 0.814453125 0.2929687500000001 0.771484375 0.2929687500000001 0.771484375 0.4023437500000001 0.814453125 0.4023437500000001
1 0.5 0.17968750000000006 0.439453125 0.17968750000000006 0.439453125 0.23242187500000006 0.5 0.23242187500000006
1 0.658203125 0.21679687500000006 0.568359375 0.21679687500000006 0.568359375 0.2675781250000001 0.658203125 0.2675781250000001
1 0.767578125 0.22070312500000008 0.59375 0.22070312500000006 0.59375 0.3007812500000001 0.767578125 0.3007812500000001
1 0.998046875 0.2812500000000001 0.892578125 0.2812500000000001 0.892578125 0.3769531250000001 0.998046875 0.3769531250000001
1 0.896484375 0.2421875000000001 0.794921875 0.2421875000000001 0.794921875 0.3144531250000001 0.896484375 0.3144531250000001
1 0.81640625 0.1992187500000001 0.759765625 0.1992187500000001 0.759765625 0.2441406250000001 0.81640625 0.2441406250000001
1 0.7578125 0.1777343750000001 0.712890625 0.1777343750000001 0.712890625 0.1972656250000001 0.7578125 0.1972656250000001
1 0.181640625 0.146484375 0.162109375 0.146484375 0.162109375 0.162109375 0.181640625 0.162109375
1 0.693359375 0.16601562500000008 0.63671875 0.16601562500000006 0.63671875 0.18945312500000008 0.693359375 0.1894531250000001