1 0.75 0.18750000000000008 0.673828125 0.18750000000000006 0.673828125 0.22851562500000008 0.75 0.2285156250000001
1 0.7734375 0.23632812500000008 0.58203125 0.23632812500000006 0.58203125 0.3183593750000001 0.7734375 0.3183593750000001
1 0.58203125 0.16015625000000006 0.51171875 0.16015625000000006 0.51171875 0.18750000000000006 0.58203125 0.18750000000000006
1 0.65625 0.18945312500000006 0.58203125 0.18945312500000006 0.58203125 0.23046875000000006 0.65625 0.23046875000000006
1 0.630859375 0.16992187500000006 0.58203125 0.16992187500000006 0.58203125 0.19921875000000006 0.630859375 0.19921875000000006
1 0.689453125 0.17773437500000008 0.6328125 0.17773437500000006 0.6328125 0.20117187500000008 0.689453125 0.2011718750000001
1 0.751953125 0.1777343750000001 0.7109375 0.1777343750000001 0.7109375 0.1972656250000001 0.751953125 0.1972656250000001
1 0.818359375 0.2050781250000001 0.751953125 0.2050781250000001 0.751953125 0.2421875000000001 0.818359375 0.2421875000000001
1 0.8984375 0.2500000000000001 0.794921875 0.2500000000000001 0.794921875 0.3125000000000001 0.8984375 0.3125000000000001
1 0.998046875 0.2871093750000001 0.892578125 0.2871093750000001 0.892578125 0.3750000000000001 0.998046875 0.3750000000000001
1 0.271484375 0.14453125000000006 0.25 0.14453125000000006 0.25 0.16015625000000006 0.271484375 0.16015625000000006
1 0.18359375 0.146484375 0.16015625 0.146484375 0.16015625 0.162109375 0.18359375 0.162109375